60 518
73
34 6 0 412
13 3 0 500
13 5 0 463
10 12 0 209
10 12 0 197
6 7 0 375
6 15 0 105
25 7 0 368
25 15 0 90
21 12 0 185
16 7 0 361
16 5 0 458
21 3 0 497
21 5 0 453
5 7 0 354
5 5 0 448
4 1 0 517
4 10 0 221
6 13 0 160
12 13 0 147
12 9 0 303
23 6 0 406
7 3 0 494
7 5 0 443
2 1 2 183
2 10 2 173
6 6 0 400
6 5 0 438
14 7 0 347
14 6 0 394
16 3 0 491
16 5 0 433
14 6 0 388
14 5 0 428
14 13 0 134
3 2 0 513
3 7 0 340
11 2 0 511
11 7 0 333
6 7 0 326
6 6 0 382
33 14 0 120
12 4 0 472
12 3 0 488
16 18 0 0
12 3 0 485
12 18 0 72
4 4 0 468
4 3 0 482
3 1 0 516
3 2 0 509
6 9 0 294
6 9 0 285
6 1 0 515
6 2 0 507
5 7 0 319
5 18 0 54
3 9 0 276
3 9 0 267
9 18 0 36
6 5 0 423
6 2 0 505
2 12 0 173
2 9 0 258
8 3 0 479
8 9 0 249
10 9 0 240
3 5 0 418
3 2 0 503
3 18 0 18
3 7 0 312
2 3 0 476
2 9 0 231
----------
300.2873799800873